0 0 1
0 0 2
0 0 3
0 0 4
0 0 5
0 0 6
0 0 7
0 0 8
0 0 9
12 1 1 2
13 1 1 3
14 1 1 4
15 1 1 5
17 1 1 7
19 1 1 9
23 1 2 3
25 1 2 5
26 1 2 6
28 1 2 8
29 1 2 9
35 1 3 5
36 1 3 6
37 1 3 7
38 1 3 8
45 1 4 5
46 1 4 6
47 1 4 7
48 1 4 8
49 1 4 9
56 1 5 6
58 1 5 8
67 1 6 7
69 1 6 9
78 1 7 8
79 1 7 9
89 1 8 9
149 2 1 4 9
129 2 1 2 9
289 2 2 8 9
238 2 2 3 8
358 2 3 5 8
135 2 1 3 5
456 2 4 5 6
469 2 4 6 9
679 2 6 7 9
789 2 7 8 9
478 2 4 7 8
458 2 4 5 8
125 2 1 2 5
256 2 2 5 6
236 2 2 3 6
367 2 3 6 7
137 2 1 3 7
147 2 1 4 7